TestNo,TestName
1,com.google.javascript.jscomp.ScopedAliases_ESTest1
2,com.google.javascript.jscomp.ScopedAliases_ESTest0
3,com.google.javascript.jscomp.ScopedAliases_ESTest2
