TestNo,TestName
1,org.apache.commons.math.stat.correlation.PearsonsCorrelation_ESTest7
2,org.apache.commons.math.stat.correlation.PearsonsCorrelation_ESTest8
3,org.apache.commons.math.stat.correlation.PearsonsCorrelation_ESTest9
4,org.apache.commons.math.stat.correlation.PearsonsCorrelation_ESTest6
5,org.apache.commons.math.stat.correlation.PearsonsCorrelation_ESTest1
6,org.apache.commons.math.stat.correlation.PearsonsCorrelation_ESTest2
7,org.apache.commons.math.stat.correlation.PearsonsCorrelation_ESTest4
8,org.apache.commons.math.stat.correlation.PearsonsCorrelation_ESTest5
9,org.apache.commons.math.stat.correlation.PearsonsCorrelation_ESTest0
10,org.apache.commons.math.stat.correlation.PearsonsCorrelation_ESTest3
